25223698
3021866
3021866
3855375
3667333
2966150
1718814
1673272
1505067
1460586
1377468
1352187
810565
640063
622936
609296
491054
465757
452245
405164
372440
365221
364597
352650
351256
341800
328791
326389
312572
295406
275320
275577
273077
261617
245234
245005
244776
244452
233751
231396
213211
203419
203052
187652
182359
181035
180752
178842
175449
175670
175145
174227
169795
169479
168860
165764
165118
159875
158881
157448
155382
154509
145434
144767
144013
142565
142146
139723
139728
139749
135582
124443
121773
120116
119970
119693
117873
113196
109957
110102
107113
106869
106052
105645
105036
97601
96631
94951
94889
93585
92615
92829
90851
90168
89707
89788
88900
87291
86502
85738
83859
80328
79466
75899
75159
74769
74449
74853
74286
73724
73878
73051
73086
69449
69604
67748
67241
67207
65214
65030
64424
63807
61794
61997
61449
59680
58374
58267
58086
57514
56968
55945
54645
54572
54356
54424
53790
53519
53166
52786
51664
51385
50048
49785
48729
48774
48906
48882
48135
48046
47823
47298
47539
46686
46632
46795
45683
45544
45777
45031
44220
44483
44058
44126
44202
44262
43604
43730
43286
43345
43015
42852
43295
43102
42992
42284
42123
42076
42173
42065
41914
41767
41153
41162
40689
40047
40032
40082
39828
38681
38324
38259
37953
37962
37430
37074
36774
36791
36620
36723
36804
36489
36378
36366
36091
36390
35951
36157
35740
35683
35463
35060
35027
35251
35085
34518
34586
34681
34344
34343
33682
34348
33805
33651
33531
33528
33177
33457
32925
32732
32682
32725
32370
32534
32171
32300
32131
32087
32256
32277
31823
31644
31807
31397
31282
31404
31233
31006
30604
30732
30445
30475
30589
30710
30287
30326
30383
30159
30070
30247
29935
29851
29688
29567
29578
29372
29811
29447
29330
29155
29260
29112
29112
28623
28785
28939
28657
28736
28526
28417
28356
28052
27888
27854
27778
27983
27478
27657
27761
27280
27483
27289
26990
27121
27263
26890
26873
26912
26981
26587
26180
26377
26455
26302
26140
26083
26161
25886
25657
25569
25581
25429
25890
25500
25508
25312
24936
24736
24909
24398
24539
24546
24442
24468
24338
24255
24412
23704
23866
23836
23750
23638
23773
23724
23551
23692
23334
23299
23203
23043
22947
22886
22792
22847
22484
22866
22656
22391
22824
22481
22605
22472
22606
22637
22147
22370
22188
22334
22042
22021
21989
21995
21797
21794
21850
21728
21691
21323
21563
21791
21487
21415
21617
21551
21242
21264
21634
21315
21218
21183
21028
20873
21114
20888
20677
20634
20645
20845
20657
20140
20291
20161
20256
20134
20298
20071
20009
19952
20366
20078
19831
19916
19541
19605
19533
19297
19446
19338
19353
19128
19215
19091
18744
18999
19015
18922
18895
18814
18482
18881
18698
18804
18850
18769
18638
18355
18721
18573
18357
18478
18246
18355
18328
18179
18383
18088
18245
18120
18264
18060
17948
17937
17735
17691
17963
17625
17594
17484
17880
17823
17571
17724
17429
17519
17381
17232
17361
17329
17374
17310
17159
17287
17316
17320
17300
17151
17392
17320
17085
17254
17243
17321
17167
17074
17146
17205
17040
16900
16841
16973
17044
17057
16736
17038
16735
16778
16696
16876
17019
16959
16602
16487
16521
16712
16550
16517
16529
16451
16540
16573
