0.99900000 0.00004000 0.00004000 0.00004000 0.00004000 0.00004000 0.00004000 0.00004000 0.00004000 0.00004000 0.00004000 0.00004000 0.00004000 0.00004000 0.00004000 0.00004000 0.00004000 0.00004000 0.00004000 0.00004000 0.00004000 0.00004000 0.00004000 0.00004000 0.00004000 0.00004000 
0.00004000 0.99900000 0.00004000 0.00004000 0.00004000 0.00004000 0.00004000 0.00004000 0.00004000 0.00004000 0.00004000 0.00004000 0.00004000 0.00004000 0.00004000 0.00004000 0.00004000 0.00004000 0.00004000 0.00004000 0.00004000 0.00004000 0.00004000 0.00004000 0.00004000 0.00004000 
0.00004000 0.00004000 0.99900000 0.00004000 0.00004000 0.00004000 0.00004000 0.00004000 0.00004000 0.00004000 0.00004000 0.00004000 0.00004000 0.00004000 0.00004000 0.00004000 0.00004000 0.00004000 0.00004000 0.00004000 0.00004000 0.00004000 0.00004000 0.00004000 0.00004000 0.00004000 
0.00004000 0.00004000 0.00004000 0.99900000 0.00004000 0.00004000 0.00004000 0.00004000 0.00004000 0.00004000 0.00004000 0.00004000 0.00004000 0.00004000 0.00004000 0.00004000 0.00004000 0.00004000 0.00004000 0.00004000 0.00004000 0.00004000 0.00004000 0.00004000 0.00004000 0.00004000 
0.00004000 0.00004000 0.00004000 0.00004000 0.99900000 0.00004000 0.00004000 0.00004000 0.00004000 0.00004000 0.00004000 0.00004000 0.00004000 0.00004000 0.00004000 0.00004000 0.00004000 0.00004000 0.00004000 0.00004000 0.00004000 0.00004000 0.00004000 0.00004000 0.00004000 0.00004000 
0.00004000 0.00004000 0.00004000 0.00004000 0.00004000 0.99900000 0.00004000 0.00004000 0.00004000 0.00004000 0.00004000 0.00004000 0.00004000 0.00004000 0.00004000 0.00004000 0.00004000 0.00004000 0.00004000 0.00004000 0.00004000 0.00004000 0.00004000 0.00004000 0.00004000 0.00004000 
0.00004000 0.00004000 0.00004000 0.00004000 0.00004000 0.00004000 0.99900000 0.00004000 0.00004000 0.00004000 0.00004000 0.00004000 0.00004000 0.00004000 0.00004000 0.00004000 0.00004000 0.00004000 0.00004000 0.00004000 0.00004000 0.00004000 0.00004000 0.00004000 0.00004000 0.00004000 
0.00004000 0.00004000 0.00004000 0.00004000 0.00004000 0.00004000 0.00004000 0.99900000 0.00004000 0.00004000 0.00004000 0.00004000 0.00004000 0.00004000 0.00004000 0.00004000 0.00004000 0.00004000 0.00004000 0.00004000 0.00004000 0.00004000 0.00004000 0.00004000 0.00004000 0.00004000 
0.00004000 0.00004000 0.00004000 0.00004000 0.00004000 0.00004000 0.00004000 0.00004000 0.99900000 0.00004000 0.00004000 0.00004000 0.00004000 0.00004000 0.00004000 0.00004000 0.00004000 0.00004000 0.00004000 0.00004000 0.00004000 0.00004000 0.00004000 0.00004000 0.00004000 0.00004000 
0.00004000 0.00004000 0.00004000 0.00004000 0.00004000 0.00004000 0.00004000 0.00004000 0.00004000 0.99900000 0.00004000 0.00004000 0.00004000 0.00004000 0.00004000 0.00004000 0.00004000 0.00004000 0.00004000 0.00004000 0.00004000 0.00004000 0.00004000 0.00004000 0.00004000 0.00004000 
0.00004000 0.00004000 0.00004000 0.00004000 0.00004000 0.00004000 0.00004000 0.00004000 0.00004000 0.00004000 0.99900000 0.00004000 0.00004000 0.00004000 0.00004000 0.00004000 0.00004000 0.00004000 0.00004000 0.00004000 0.00004000 0.00004000 0.00004000 0.00004000 0.00004000 0.00004000 
0.00004000 0.00004000 0.00004000 0.00004000 0.00004000 0.00004000 0.00004000 0.00004000 0.00004000 0.00004000 0.00004000 0.99900000 0.00004000 0.00004000 0.00004000 0.00004000 0.00004000 0.00004000 0.00004000 0.00004000 0.00004000 0.00004000 0.00004000 0.00004000 0.00004000 0.00004000 
0.00004000 0.00004000 0.00004000 0.00004000 0.00004000 0.00004000 0.00004000 0.00004000 0.00004000 0.00004000 0.00004000 0.00004000 0.99900000 0.00004000 0.00004000 0.00004000 0.00004000 0.00004000 0.00004000 0.00004000 0.00004000 0.00004000 0.00004000 0.00004000 0.00004000 0.00004000 
0.00004000 0.00004000 0.00004000 0.00004000 0.00004000 0.00004000 0.00004000 0.00004000 0.00004000 0.00004000 0.00004000 0.00004000 0.00004000 0.99900000 0.00004000 0.00004000 0.00004000 0.00004000 0.00004000 0.00004000 0.00004000 0.00004000 0.00004000 0.00004000 0.00004000 0.00004000 
0.00004000 0.00004000 0.00004000 0.00004000 0.00004000 0.00004000 0.00004000 0.00004000 0.00004000 0.00004000 0.00004000 0.00004000 0.00004000 0.00004000 0.99900000 0.00004000 0.00004000 0.00004000 0.00004000 0.00004000 0.00004000 0.00004000 0.00004000 0.00004000 0.00004000 0.00004000 
0.00004000 0.00004000 0.00004000 0.00004000 0.00004000 0.00004000 0.00004000 0.00004000 0.00004000 0.00004000 0.00004000 0.00004000 0.00004000 0.00004000 0.00004000 0.99900000 0.00004000 0.00004000 0.00004000 0.00004000 0.00004000 0.00004000 0.00004000 0.00004000 0.00004000 0.00004000 
0.00004000 0.00004000 0.00004000 0.00004000 0.00004000 0.00004000 0.00004000 0.00004000 0.00004000 0.00004000 0.00004000 0.00004000 0.00004000 0.00004000 0.00004000 0.00004000 0.99900000 0.00004000 0.00004000 0.00004000 0.00004000 0.00004000 0.00004000 0.00004000 0.00004000 0.00004000 
0.00004000 0.00004000 0.00004000 0.00004000 0.00004000 0.00004000 0.00004000 0.00004000 0.00004000 0.00004000 0.00004000 0.00004000 0.00004000 0.00004000 0.00004000 0.00004000 0.00004000 0.99900000 0.00004000 0.00004000 0.00004000 0.00004000 0.00004000 0.00004000 0.00004000 0.00004000 
0.00004000 0.00004000 0.00004000 0.00004000 0.00004000 0.00004000 0.00004000 0.00004000 0.00004000 0.00004000 0.00004000 0.00004000 0.00004000 0.00004000 0.00004000 0.00004000 0.00004000 0.00004000 0.99900000 0.00004000 0.00004000 0.00004000 0.00004000 0.00004000 0.00004000 0.00004000 
0.00004000 0.00004000 0.00004000 0.00004000 0.00004000 0.00004000 0.00004000 0.00004000 0.00004000 0.00004000 0.00004000 0.00004000 0.00004000 0.00004000 0.00004000 0.00004000 0.00004000 0.00004000 0.00004000 0.99900000 0.00004000 0.00004000 0.00004000 0.00004000 0.00004000 0.00004000 
0.00004000 0.00004000 0.00004000 0.00004000 0.00004000 0.00004000 0.00004000 0.00004000 0.00004000 0.00004000 0.00004000 0.00004000 0.00004000 0.00004000 0.00004000 0.00004000 0.00004000 0.00004000 0.00004000 0.00004000 0.99900000 0.00004000 0.00004000 0.00004000 0.00004000 0.00004000 
0.00004000 0.00004000 0.00004000 0.00004000 0.00004000 0.00004000 0.00004000 0.00004000 0.00004000 0.00004000 0.00004000 0.00004000 0.00004000 0.00004000 0.00004000 0.00004000 0.00004000 0.00004000 0.00004000 0.00004000 0.00004000 0.99900000 0.00004000 0.00004000 0.00004000 0.00004000 
0.00004000 0.00004000 0.00004000 0.00004000 0.00004000 0.00004000 0.00004000 0.00004000 0.00004000 0.00004000 0.00004000 0.00004000 0.00004000 0.00004000 0.00004000 0.00004000 0.00004000 0.00004000 0.00004000 0.00004000 0.00004000 0.00004000 0.99900000 0.00004000 0.00004000 0.00004000 
0.00004000 0.00004000 0.00004000 0.00004000 0.00004000 0.00004000 0.00004000 0.00004000 0.00004000 0.00004000 0.00004000 0.00004000 0.00004000 0.00004000 0.00004000 0.00004000 0.00004000 0.00004000 0.00004000 0.00004000 0.00004000 0.00004000 0.00004000 0.99900000 0.00004000 0.00004000 
0.00004000 0.00004000 0.00004000 0.00004000 0.00004000 0.00004000 0.00004000 0.00004000 0.00004000 0.00004000 0.00004000 0.00004000 0.00004000 0.00004000 0.00004000 0.00004000 0.00004000 0.00004000 0.00004000 0.00004000 0.00004000 0.00004000 0.00004000 0.00004000 0.99900000 0.00004000 
0.00004000 0.00004000 0.00004000 0.00004000 0.00004000 0.00004000 0.00004000 0.00004000 0.00004000 0.00004000 0.00004000 0.00004000 0.00004000 0.00004000 0.00004000 0.00004000 0.00004000 0.00004000 0.00004000 0.00004000 0.00004000 0.00004000 0.00004000 0.00004000 0.00004000 0.99900000 
